7 2 3 211 230 268 -1 -1 -1 -1 
8 2 0 212 237 267 -1 -1 -1 -1 
9 2 2 179 237 299 -1 -1 -1 -1 
10 2 0 169 244 308 -1 -1 -1 -1 
11 2 5 173 201 303 -1 -1 -1 -1 
12 2 0 175 207 302 -1 -1 -1 -1 
13 2 0 175 205 302 -1 -1 -1 -1 
14 2 0 175 206 302 -1 -1 -1 -1 
15 2 0 176 207 301 -1 -1 -1 -1 
16 2 0 176 203 301 -1 -1 -1 -1 
17 2 0 177 206 299 -1 -1 -1 -1 
18 2 0 177 205 299 -1 -1 -1 -1 
19 2 0 175 209 301 -1 -1 -1 -1 
20 2 0 177 209 299 -1 -1 -1 -1 
21 2 0 177 206 298 -1 -1 -1 -1 
22 2 0 170 238 305 -1 -1 -1 -1 
23 2 0 168 225 282 -1 -1 -1 -1 
24 2 0 163 218 235 -1 -1 -1 -1 
25 2 0 162 207 217 -1 -1 -1 -1 
25 3 74 139 60 69 -1 -1 -1 -1 
26 2 1 161 203 213 -1 -1 -1 -1 
26 3 73 138 61 69 -1 -1 -1 -1 
27 2 2 161 202 212 -1 -1 -1 -1 
27 3 74 139 61 68 -1 -1 -1 -1 
28 2 0 112 194 190 -1 -1 -1 -1 
29 2 1 104 189 182 -1 -1 -1 -1 
32 5 0 147 87 86 -1 -1 -1 -1 
33 5 0 139 73 78 -1 -1 -1 -1 
